Date,Open,High,Low,Close,Adj Close,Volume
2017-11-27,195.559998,195.850006,194.000000,195.050003,195.050003,3210100
2017-11-28,195.339996,199.679993,194.009995,199.179993,199.179993,6981100
2017-11-29,198.910004,199.029999,184.320007,188.149994,188.149994,14202700
2017-11-30,190.309998,190.860001,186.679993,187.580002,187.580002,6630100
2017-12-01,186.990005,189.800003,185.000000,186.820007,186.820007,6219500
2017-12-04,189.360001,189.720001,178.380005,184.039993,184.039993,9069800
2017-12-05,183.500000,188.139999,181.190002,184.210007,184.210007,5783700
2017-12-06,183.380005,186.479996,182.880005,185.300003,185.300003,5490100
2017-12-07,185.710007,187.339996,183.220001,185.199997,185.199997,4659500
2017-12-08,186.500000,189.419998,186.300003,188.539993,188.539993,4987300
2017-12-11,187.850006,189.419998,185.910004,186.220001,186.220001,5298600
2017-12-12,186.009995,187.850006,184.820007,185.729996,185.729996,4265900
2017-12-13,186.100006,188.690002,185.410004,187.860001,187.860001,4710000
2017-12-14,187.979996,192.639999,187.199997,189.559998,189.559998,7792800
2017-12-15,189.610001,191.429993,188.009995,190.119995,190.119995,7285600
2017-12-18,191.199997,191.649994,188.899994,190.419998,190.419998,5011000
2017-12-19,190.179993,190.300003,185.750000,187.020004,187.020004,7033000
2017-12-20,187.940002,189.110001,185.259995,188.820007,188.820007,6545400
2017-12-21,189.440002,190.949997,187.580002,188.619995,188.619995,4729800
2017-12-22,188.330002,190.949997,186.800003,189.940002,189.940002,3878900
2017-12-26,189.779999,189.940002,186.399994,187.759995,187.759995,3045700
2017-12-27,187.800003,188.100006,185.220001,186.240005,186.240005,4002100
2017-12-28,187.179993,194.490005,186.850006,192.710007,192.710007,10107400
2017-12-29,192.509995,193.949997,191.220001,191.960007,191.960007,5187600
2018-01-02,196.100006,201.649994,195.419998,201.070007,201.070007,10966900
2018-01-03,202.050003,206.210007,201.500000,205.050003,205.050003,8591400
2018-01-04,206.199997,207.050003,204.000000,205.630005,205.630005,6029600
2018-01-05,207.250000,210.020004,205.589996,209.990005,209.990005,7033200
2018-01-08,210.020004,212.500000,208.440002,212.050003,212.050003,5580200
2018-01-09,212.110001,212.979996,208.589996,209.309998,209.309998,6125900
2018-01-10,207.570007,213.639999,206.910004,212.520004,212.520004,5951500
2018-01-11,214.289993,217.750000,213.350006,217.240005,217.240005,7659500
2018-01-12,217.179993,222.550003,216.000000,221.229996,221.229996,8199400
2018-01-16,224.240005,226.070007,217.199997,221.529999,221.529999,13516100
2018-01-17,221.000000,221.149994,216.320007,217.500000,217.500000,9037400
2018-01-18,220.339996,220.580002,216.550003,220.330002,220.330002,8225300
2018-01-19,222.750000,223.490005,218.500000,220.460007,220.460007,10548600
2018-01-22,222.000000,227.789993,221.199997,227.580002,227.580002,17703300
2018-01-23,255.050003,257.709991,248.020004,250.289993,250.289993,27705300
2018-01-24,250.880005,261.709991,249.309998,261.299988,261.299988,17352400
2018-01-25,263.000000,272.299988,260.230011,269.700012,269.700012,15336400
2018-01-26,271.489990,274.600006,268.760010,274.600006,274.600006,11021800
2018-01-29,274.200012,286.809998,273.920013,284.589996,284.589996,17529700
2018-01-30,277.000000,282.730011,272.700012,278.799988,278.799988,12482900
2018-01-31,281.940002,282.290009,269.579987,270.299988,270.299988,11695100
2018-02-01,266.410004,271.950012,263.380005,265.070007,265.070007,9669000
2018-02-02,263.000000,270.619995,262.709991,267.429993,267.429993,9123600
2018-02-05,262.000000,267.899994,250.029999,254.259995,254.259995,11896100
2018-02-06,247.699997,266.700012,245.000000,265.720001,265.720001,12595800
2018-02-07,266.579987,272.450012,264.329987,264.559998,264.559998,8981500
2018-02-08,267.079987,267.619995,250.000000,250.100006,250.100006,9306700
2018-02-09,253.850006,255.800003,236.110001,249.470001,249.470001,16906900
2018-02-12,252.139999,259.149994,249.000000,257.950012,257.950012,8534900
2018-02-13,257.290009,261.410004,254.699997,258.269989,258.269989,6855200
2018-02-14,260.470001,269.880005,260.329987,266.000000,266.000000,10972000
2018-02-15,270.029999,280.500000,267.630005,280.269989,280.269989,10759700
2018-02-16,278.730011,281.959991,275.690002,278.519989,278.519989,8312400
2018-02-20,277.739990,285.809998,276.609985,278.549988,278.549988,7769000
2018-02-21,282.070007,286.640015,280.010010,281.040009,281.040009,9371100
2018-02-22,283.880005,284.500000,274.450012,278.140015,278.140015,8891500
2018-02-23,281.000000,286.000000,277.809998,285.929993,285.929993,7301800
2018-02-26,288.750000,295.649994,287.010010,294.160004,294.160004,10268600
2018-02-27,294.769989,297.359985,290.589996,290.609985,290.609985,9416500
2018-02-28,293.100006,295.750000,290.779999,291.380005,291.380005,7653500
2018-03-01,292.750000,295.250000,283.829987,290.390015,290.390015,11932100
2018-03-02,284.649994,301.179993,283.230011,301.049988,301.049988,13345300
2018-03-05,302.850006,316.910004,297.600006,315.000000,315.000000,18986100
2018-03-06,319.880005,325.790009,316.500000,325.220001,325.220001,18525800
2018-03-07,320.000000,323.739990,314.549988,321.160004,321.160004,17132200
2018-03-08,322.200012,322.920013,314.130005,317.000000,317.000000,11340100
2018-03-09,321.329987,331.440002,320.230011,331.440002,331.440002,14500200
2018-03-12,333.559998,333.980011,318.600006,321.299988,321.299988,20369200
2018-03-13,323.869995,325.839996,313.279999,315.880005,315.880005,12917200
2018-03-14,318.160004,323.880005,317.700012,321.549988,321.549988,10475100
2018-03-15,323.170013,323.399994,318.140015,321.089996,321.089996,5642900
2018-03-16,321.420013,324.109985,318.369995,318.450012,318.450012,7333700
2018-03-19,315.799988,317.000000,307.339996,313.480011,313.480011,9925200
2018-03-20,313.260010,319.500000,312.799988,317.500000,317.500000,5991900
2018-03-21,316.350006,319.399994,314.510010,316.480011,316.480011,5263900
2018-03-22,313.070007,314.119995,305.660004,306.700012,306.700012,8063300
2018-03-23,307.410004,309.369995,300.359985,300.940002,300.940002,9529900
2018-03-26,309.359985,321.029999,302.000000,320.350006,320.350006,11988300
2018-03-27,322.489990,322.899994,297.000000,300.690002,300.690002,12068600
2018-03-28,298.390015,298.799988,281.609985,285.769989,285.769989,18972900
2018-03-29,287.000000,295.350006,275.899994,295.350006,295.350006,19145500
2018-04-02,291.940002,292.869995,275.049988,280.290009,280.290009,13405800
2018-04-03,285.450012,291.250000,278.010010,283.670013,283.670013,12694900
2018-04-04,273.630005,290.309998,271.220001,288.940002,288.940002,12914000
2018-04-05,293.149994,299.160004,289.109985,293.970001,293.970001,10655200
2018-04-06,289.100006,298.850006,285.649994,288.850006,288.850006,11444800
2018-04-09,291.769989,299.549988,289.119995,289.929993,289.929993,9853600
2018-04-10,297.679993,298.950012,291.690002,298.070007,298.070007,10660500
2018-04-11,302.880005,311.640015,301.820007,303.670013,303.670013,14877400
2018-04-12,309.720001,311.130005,306.750000,309.250000,309.250000,10249400
2018-04-13,317.290009,317.489990,308.230011,311.649994,311.649994,12046600
2018-04-16,315.989990,316.100006,304.000000,307.779999,307.779999,20307900
2018-04-17,329.660004,338.619995,323.769989,336.059998,336.059998,33866500
2018-04-18,336.299988,338.820007,331.100006,334.519989,334.519989,11221100
2018-04-19,332.880005,335.309998,326.769989,332.700012,332.700012,8438800
2018-04-20,332.220001,336.510010,326.000000,327.769989,327.769989,9158700
2018-04-23,329.149994,331.220001,317.079987,318.690002,318.690002,8968000
2018-04-24,319.220001,320.250000,302.309998,307.019989,307.019989,13893200
2018-04-25,306.369995,309.980011,292.619995,305.760010,305.760010,14919700
2018-04-26,310.000000,316.630005,305.579987,313.980011,313.980011,9266700
2018-04-27,316.250000,317.450012,306.500000,311.760010,311.760010,7074400
2018-04-30,311.070007,317.880005,310.119995,312.459991,312.459991,6088800
2018-05-01,310.359985,313.480011,306.690002,313.299988,313.299988,6036600
2018-05-02,311.649994,317.100006,310.399994,313.359985,313.359985,5697100
2018-05-03,312.589996,312.589996,305.730011,311.690002,311.690002,6135800
2018-05-04,308.709991,320.980011,307.670013,320.089996,320.089996,8209500
2018-05-07,321.989990,329.019989,319.339996,326.260010,326.260010,7117800
2018-05-08,325.899994,327.350006,323.049988,326.890015,326.890015,4735700
2018-05-09,328.790009,331.950012,327.510010,330.299988,330.299988,5633400
2018-05-10,331.500000,332.059998,327.339996,329.600006,329.600006,5302300
2018-05-11,329.649994,331.260010,324.869995,326.459991,326.459991,4589700
2018-05-14,327.250000,330.500000,327.040009,328.529999,328.529999,4089800
2018-05-15,325.940002,326.940002,322.429993,326.130005,326.130005,4746100
2018-05-16,326.279999,329.720001,325.140015,328.190002,328.190002,3671700
2018-05-17,327.529999,330.450012,323.170013,325.220001,325.220001,4935700
2018-05-18,324.899994,326.420013,322.799988,324.179993,324.179993,3577700
2018-05-21,327.109985,331.880005,325.450012,331.820007,331.820007,6657300
2018-05-22,334.049988,336.630005,331.149994,331.619995,331.619995,5964400
2018-05-23,329.040009,345.000000,328.089996,344.720001,344.720001,10001600
2018-05-24,344.339996,354.000000,341.119995,349.290009,349.290009,14464100
2018-05-25,349.899994,354.359985,348.829987,351.290009,351.290009,7817400
2018-05-29,351.500000,356.100006,346.709991,349.730011,349.730011,9681000
2018-05-30,352.369995,354.000000,349.260010,353.540009,353.540009,5685500
2018-05-31,353.799988,355.529999,350.209991,351.600006,351.600006,6921700
2018-06-01,353.880005,359.989990,352.820007,359.929993,359.929993,7075200
2018-06-04,362.679993,363.000000,355.510010,361.809998,361.809998,7643800
2018-06-05,363.320007,369.829987,361.410004,365.799988,365.799988,8358000
2018-06-06,367.779999,369.679993,363.329987,367.450012,367.450012,7712300
2018-06-07,368.540009,368.700012,357.799988,361.399994,361.399994,8278000
2018-06-08,358.059998,362.390015,356.250000,360.570007,360.570007,5225700
2018-06-11,361.880005,365.670013,360.910004,361.450012,361.450012,4432400
2018-06-12,363.600006,365.980011,362.000000,363.829987,363.829987,4291000
2018-06-13,367.529999,384.250000,364.109985,379.929993,379.929993,18222800
2018-06-14,384.269989,395.029999,383.250000,392.869995,392.869995,14598300
2018-06-15,390.709991,398.859985,387.510010,391.980011,391.980011,13588100
2018-06-18,387.720001,393.160004,386.500000,390.399994,390.399994,6824800
2018-06-19,389.500000,405.290009,388.500000,404.980011,404.980011,16697100
2018-06-20,415.149994,419.470001,409.600006,416.760010,416.760010,16494600
2018-06-21,421.380005,423.209991,406.369995,415.440002,415.440002,18389900
2018-06-22,419.980011,420.500000,409.649994,411.089996,411.089996,10428600
2018-06-25,404.690002,405.989990,378.750000,384.480011,384.480011,22490900
2018-06-26,393.279999,404.779999,389.049988,399.390015,399.390015,15191200
2018-06-27,407.559998,411.589996,390.000000,390.390015,390.390015,16541400
2018-06-28,395.000000,396.899994,387.100006,395.420013,395.420013,12219900
2018-06-29,399.190002,401.329987,390.549988,391.429993,391.429993,9252500
2018-07-02,385.450012,398.380005,380.000000,398.179993,398.179993,8142500
2018-07-03,399.489990,399.980011,389.500000,390.519989,390.519989,5280300
2018-07-05,393.799988,399.239990,390.859985,398.390015,398.390015,8448900
2018-07-06,397.450012,408.649994,395.519989,408.250000,408.250000,8629600
2018-07-09,415.950012,419.119995,411.100006,418.970001,418.970001,11127500
2018-07-10,417.239990,419.440002,413.079987,415.630005,415.630005,9382900
2018-07-11,411.339996,419.769989,410.600006,418.649994,418.649994,9713900
2018-07-12,415.160004,416.790009,407.799988,413.500000,413.500000,12743300
2018-07-13,409.190002,410.000000,395.079987,395.799988,395.799988,15719000
2018-07-16,398.980011,403.359985,391.750000,400.480011,400.480011,22960000
2018-07-17,346.950012,385.000000,344.000000,379.480011,379.480011,58410400
2018-07-18,381.239990,383.130005,372.359985,375.130005,375.130005,21746300
2018-07-19,371.059998,375.750000,363.000000,364.230011,364.230011,16878700
2018-07-20,364.920013,370.500000,360.140015,361.049988,361.049988,15096700
2018-07-23,359.149994,363.899994,353.600006,362.660004,362.660004,11505200
2018-07-24,366.940002,367.399994,354.559998,357.320007,357.320007,12851500
2018-07-25,357.570007,363.279999,355.649994,362.869995,362.869995,8467800
2018-07-26,358.190002,365.540009,356.630005,363.089996,363.089996,6993700
2018-07-27,366.850006,367.000000,351.649994,355.209991,355.209991,8949500
2018-07-30,351.929993,352.029999,334.019989,334.959991,334.959991,18260700
2018-07-31,331.510010,342.500000,328.000000,337.450012,337.450012,14085400